{
 "cells": [
  {
   "attachments": {},
   "cell_type": "markdown",
   "metadata": {},
   "source": [
    "### Correlation Matrix\n",
    "This file is used to check the calculated answer in JavaScript and can also be checked via the table below if needed."
   ]
  },
  {
   "cell_type": "code",
   "execution_count": 1,
   "metadata": {},
   "outputs": [],
   "source": [
    "import pandas as pd\n",
    "columns = ['Sex', 'Length', 'Diameter', 'Height', 'Whole weight', 'Shucked weight', 'Viscera weight', 'Shell weight', 'Rings']\n",
    "df = pd.read_csv('../data/abalone.data', names=columns)\n",
    "\n",
    "df_M = df[df['Sex'] == 'M'].drop(columns=['Sex'])\n",
    "df_F = df[df['Sex'] == 'F'].drop(columns=['Sex'])\n",
    "df_I = df[df['Sex'] == 'I'].drop(columns=['Sex'])"
   ]
  },
  {
   "cell_type": "code",
   "execution_count": 2,
   "metadata": {},
   "outputs": [
    {
     "data": {
      "text/html": [
       "<div>\n",
       "<style scoped>\n",
       "    .dataframe tbody tr th:only-of-type {\n",
       "        vertical-align: middle;\n",
       "    }\n",
       "\n",
       "    .dataframe tbody tr th {\n",
       "        vertical-align: top;\n",
       "    }\n",
       "\n",
       "    .dataframe thead th {\n",
       "        text-align: right;\n",
       "    }\n",
       "</style>\n",
       "<table border=\"1\" class=\"dataframe\">\n",
       "  <thead>\n",
       "    <tr style=\"text-align: right;\">\n",
       "      <th></th>\n",
       "      <th>Length</th>\n",
       "      <th>Diameter</th>\n",
       "      <th>Height</th>\n",
       "      <th>Whole weight</th>\n",
       "      <th>Shucked weight</th>\n",
       "      <th>Viscera weight</th>\n",
       "      <th>Shell weight</th>\n",
       "      <th>Rings</th>\n",
       "    </tr>\n",
       "  </thead>\n",
       "  <tbody>\n",
       "    <tr>\n",
       "      <th>Length</th>\n",
       "      <td>1.000000</td>\n",
       "      <td>0.981907</td>\n",
       "      <td>0.832620</td>\n",
       "      <td>0.918292</td>\n",
       "      <td>0.885824</td>\n",
       "      <td>0.888029</td>\n",
       "      <td>0.870712</td>\n",
       "      <td>0.366646</td>\n",
       "    </tr>\n",
       "    <tr>\n",
       "      <th>Diameter</th>\n",
       "      <td>0.981907</td>\n",
       "      <td>1.000000</td>\n",
       "      <td>0.840801</td>\n",
       "      <td>0.913128</td>\n",
       "      <td>0.873510</td>\n",
       "      <td>0.877113</td>\n",
       "      <td>0.879612</td>\n",
       "      <td>0.388910</td>\n",
       "    </tr>\n",
       "    <tr>\n",
       "      <th>Height</th>\n",
       "      <td>0.832620</td>\n",
       "      <td>0.840801</td>\n",
       "      <td>1.000000</td>\n",
       "      <td>0.842791</td>\n",
       "      <td>0.784324</td>\n",
       "      <td>0.814553</td>\n",
       "      <td>0.842906</td>\n",
       "      <td>0.429722</td>\n",
       "    </tr>\n",
       "    <tr>\n",
       "      <th>Whole weight</th>\n",
       "      <td>0.918292</td>\n",
       "      <td>0.913128</td>\n",
       "      <td>0.842791</td>\n",
       "      <td>1.000000</td>\n",
       "      <td>0.961383</td>\n",
       "      <td>0.952499</td>\n",
       "      <td>0.934670</td>\n",
       "      <td>0.372197</td>\n",
       "    </tr>\n",
       "    <tr>\n",
       "      <th>Shucked weight</th>\n",
       "      <td>0.885824</td>\n",
       "      <td>0.873510</td>\n",
       "      <td>0.784324</td>\n",
       "      <td>0.961383</td>\n",
       "      <td>1.000000</td>\n",
       "      <td>0.909738</td>\n",
       "      <td>0.838903</td>\n",
       "      <td>0.222394</td>\n",
       "    </tr>\n",
       "    <tr>\n",
       "      <th>Viscera weight</th>\n",
       "      <td>0.888029</td>\n",
       "      <td>0.877113</td>\n",
       "      <td>0.814553</td>\n",
       "      <td>0.952499</td>\n",
       "      <td>0.909738</td>\n",
       "      <td>1.000000</td>\n",
       "      <td>0.864264</td>\n",
       "      <td>0.320954</td>\n",
       "    </tr>\n",
       "    <tr>\n",
       "      <th>Shell weight</th>\n",
       "      <td>0.870712</td>\n",
       "      <td>0.879612</td>\n",
       "      <td>0.842906</td>\n",
       "      <td>0.934670</td>\n",
       "      <td>0.838903</td>\n",
       "      <td>0.864264</td>\n",
       "      <td>1.000000</td>\n",
       "      <td>0.510997</td>\n",
       "    </tr>\n",
       "    <tr>\n",
       "      <th>Rings</th>\n",
       "      <td>0.366646</td>\n",
       "      <td>0.388910</td>\n",
       "      <td>0.429722</td>\n",
       "      <td>0.372197</td>\n",
       "      <td>0.222394</td>\n",
       "      <td>0.320954</td>\n",
       "      <td>0.510997</td>\n",
       "      <td>1.000000</td>\n",
       "    </tr>\n",
       "  </tbody>\n",
       "</table>\n",
       "</div>"
      ],
      "text/plain": [
       "                  Length  Diameter    Height  Whole weight  Shucked weight  \\\n",
       "Length          1.000000  0.981907  0.832620      0.918292        0.885824   \n",
       "Diameter        0.981907  1.000000  0.840801      0.913128        0.873510   \n",
       "Height          0.832620  0.840801  1.000000      0.842791        0.784324   \n",
       "Whole weight    0.918292  0.913128  0.842791      1.000000        0.961383   \n",
       "Shucked weight  0.885824  0.873510  0.784324      0.961383        1.000000   \n",
       "Viscera weight  0.888029  0.877113  0.814553      0.952499        0.909738   \n",
       "Shell weight    0.870712  0.879612  0.842906      0.934670        0.838903   \n",
       "Rings           0.366646  0.388910  0.429722      0.372197        0.222394   \n",
       "\n",
       "                Viscera weight  Shell weight     Rings  \n",
       "Length                0.888029      0.870712  0.366646  \n",
       "Diameter              0.877113      0.879612  0.388910  \n",
       "Height                0.814553      0.842906  0.429722  \n",
       "Whole weight          0.952499      0.934670  0.372197  \n",
       "Shucked weight        0.909738      0.838903  0.222394  \n",
       "Viscera weight        1.000000      0.864264  0.320954  \n",
       "Shell weight          0.864264      1.000000  0.510997  \n",
       "Rings                 0.320954      0.510997  1.000000  "
      ]
     },
     "execution_count": 2,
     "metadata": {},
     "output_type": "execute_result"
    }
   ],
   "source": [
    "# Correlation Matrix about `Sex` equal to 'M'\n",
    "df_M.corr()"
   ]
  },
  {
   "cell_type": "code",
   "execution_count": 3,
   "metadata": {},
   "outputs": [
    {
     "data": {
      "text/html": [
       "<div>\n",
       "<style scoped>\n",
       "    .dataframe tbody tr th:only-of-type {\n",
       "        vertical-align: middle;\n",
       "    }\n",
       "\n",
       "    .dataframe tbody tr th {\n",
       "        vertical-align: top;\n",
       "    }\n",
       "\n",
       "    .dataframe thead th {\n",
       "        text-align: right;\n",
       "    }\n",
       "</style>\n",
       "<table border=\"1\" class=\"dataframe\">\n",
       "  <thead>\n",
       "    <tr style=\"text-align: right;\">\n",
       "      <th></th>\n",
       "      <th>Length</th>\n",
       "      <th>Diameter</th>\n",
       "      <th>Height</th>\n",
       "      <th>Whole weight</th>\n",
       "      <th>Shucked weight</th>\n",
       "      <th>Viscera weight</th>\n",
       "      <th>Shell weight</th>\n",
       "      <th>Rings</th>\n",
       "    </tr>\n",
       "  </thead>\n",
       "  <tbody>\n",
       "    <tr>\n",
       "      <th>Length</th>\n",
       "      <td>1.000000</td>\n",
       "      <td>0.971081</td>\n",
       "      <td>0.553494</td>\n",
       "      <td>0.929116</td>\n",
       "      <td>0.892259</td>\n",
       "      <td>0.890732</td>\n",
       "      <td>0.864876</td>\n",
       "      <td>0.230610</td>\n",
       "    </tr>\n",
       "    <tr>\n",
       "      <th>Diameter</th>\n",
       "      <td>0.971081</td>\n",
       "      <td>1.000000</td>\n",
       "      <td>0.562149</td>\n",
       "      <td>0.925641</td>\n",
       "      <td>0.878953</td>\n",
       "      <td>0.878164</td>\n",
       "      <td>0.876235</td>\n",
       "      <td>0.265888</td>\n",
       "    </tr>\n",
       "    <tr>\n",
       "      <th>Height</th>\n",
       "      <td>0.553494</td>\n",
       "      <td>0.562149</td>\n",
       "      <td>1.000000</td>\n",
       "      <td>0.583747</td>\n",
       "      <td>0.531077</td>\n",
       "      <td>0.550720</td>\n",
       "      <td>0.580622</td>\n",
       "      <td>0.233904</td>\n",
       "    </tr>\n",
       "    <tr>\n",
       "      <th>Whole weight</th>\n",
       "      <td>0.929116</td>\n",
       "      <td>0.925641</td>\n",
       "      <td>0.583747</td>\n",
       "      <td>1.000000</td>\n",
       "      <td>0.949567</td>\n",
       "      <td>0.939944</td>\n",
       "      <td>0.923708</td>\n",
       "      <td>0.266759</td>\n",
       "    </tr>\n",
       "    <tr>\n",
       "      <th>Shucked weight</th>\n",
       "      <td>0.892259</td>\n",
       "      <td>0.878953</td>\n",
       "      <td>0.531077</td>\n",
       "      <td>0.949567</td>\n",
       "      <td>1.000000</td>\n",
       "      <td>0.890135</td>\n",
       "      <td>0.801906</td>\n",
       "      <td>0.094848</td>\n",
       "    </tr>\n",
       "    <tr>\n",
       "      <th>Viscera weight</th>\n",
       "      <td>0.890732</td>\n",
       "      <td>0.878164</td>\n",
       "      <td>0.550720</td>\n",
       "      <td>0.939944</td>\n",
       "      <td>0.890135</td>\n",
       "      <td>1.000000</td>\n",
       "      <td>0.839690</td>\n",
       "      <td>0.211615</td>\n",
       "    </tr>\n",
       "    <tr>\n",
       "      <th>Shell weight</th>\n",
       "      <td>0.864876</td>\n",
       "      <td>0.876235</td>\n",
       "      <td>0.580622</td>\n",
       "      <td>0.923708</td>\n",
       "      <td>0.801906</td>\n",
       "      <td>0.839690</td>\n",
       "      <td>1.000000</td>\n",
       "      <td>0.405907</td>\n",
       "    </tr>\n",
       "    <tr>\n",
       "      <th>Rings</th>\n",
       "      <td>0.230610</td>\n",
       "      <td>0.265888</td>\n",
       "      <td>0.233904</td>\n",
       "      <td>0.266759</td>\n",
       "      <td>0.094848</td>\n",
       "      <td>0.211615</td>\n",
       "      <td>0.405907</td>\n",
       "      <td>1.000000</td>\n",
       "    </tr>\n",
       "  </tbody>\n",
       "</table>\n",
       "</div>"
      ],
      "text/plain": [
       "                  Length  Diameter    Height  Whole weight  Shucked weight  \\\n",
       "Length          1.000000  0.971081  0.553494      0.929116        0.892259   \n",
       "Diameter        0.971081  1.000000  0.562149      0.925641        0.878953   \n",
       "Height          0.553494  0.562149  1.000000      0.583747        0.531077   \n",
       "Whole weight    0.929116  0.925641  0.583747      1.000000        0.949567   \n",
       "Shucked weight  0.892259  0.878953  0.531077      0.949567        1.000000   \n",
       "Viscera weight  0.890732  0.878164  0.550720      0.939944        0.890135   \n",
       "Shell weight    0.864876  0.876235  0.580622      0.923708        0.801906   \n",
       "Rings           0.230610  0.265888  0.233904      0.266759        0.094848   \n",
       "\n",
       "                Viscera weight  Shell weight     Rings  \n",
       "Length                0.890732      0.864876  0.230610  \n",
       "Diameter              0.878164      0.876235  0.265888  \n",
       "Height                0.550720      0.580622  0.233904  \n",
       "Whole weight          0.939944      0.923708  0.266759  \n",
       "Shucked weight        0.890135      0.801906  0.094848  \n",
       "Viscera weight        1.000000      0.839690  0.211615  \n",
       "Shell weight          0.839690      1.000000  0.405907  \n",
       "Rings                 0.211615      0.405907  1.000000  "
      ]
     },
     "execution_count": 3,
     "metadata": {},
     "output_type": "execute_result"
    }
   ],
   "source": [
    "# Correlation Matrix about `Sex` equal to 'F'\n",
    "df_F.corr()"
   ]
  },
  {
   "cell_type": "code",
   "execution_count": 4,
   "metadata": {},
   "outputs": [
    {
     "data": {
      "text/html": [
       "<div>\n",
       "<style scoped>\n",
       "    .dataframe tbody tr th:only-of-type {\n",
       "        vertical-align: middle;\n",
       "    }\n",
       "\n",
       "    .dataframe tbody tr th {\n",
       "        vertical-align: top;\n",
       "    }\n",
       "\n",
       "    .dataframe thead th {\n",
       "        text-align: right;\n",
       "    }\n",
       "</style>\n",
       "<table border=\"1\" class=\"dataframe\">\n",
       "  <thead>\n",
       "    <tr style=\"text-align: right;\">\n",
       "      <th></th>\n",
       "      <th>Length</th>\n",
       "      <th>Diameter</th>\n",
       "      <th>Height</th>\n",
       "      <th>Whole weight</th>\n",
       "      <th>Shucked weight</th>\n",
       "      <th>Viscera weight</th>\n",
       "      <th>Shell weight</th>\n",
       "      <th>Rings</th>\n",
       "    </tr>\n",
       "  </thead>\n",
       "  <tbody>\n",
       "    <tr>\n",
       "      <th>Length</th>\n",
       "      <td>1.000000</td>\n",
       "      <td>0.986113</td>\n",
       "      <td>0.908525</td>\n",
       "      <td>0.920999</td>\n",
       "      <td>0.897824</td>\n",
       "      <td>0.898174</td>\n",
       "      <td>0.909093</td>\n",
       "      <td>0.685997</td>\n",
       "    </tr>\n",
       "    <tr>\n",
       "      <th>Diameter</th>\n",
       "      <td>0.986113</td>\n",
       "      <td>1.000000</td>\n",
       "      <td>0.913255</td>\n",
       "      <td>0.923699</td>\n",
       "      <td>0.899157</td>\n",
       "      <td>0.899749</td>\n",
       "      <td>0.913838</td>\n",
       "      <td>0.695078</td>\n",
       "    </tr>\n",
       "    <tr>\n",
       "      <th>Height</th>\n",
       "      <td>0.908525</td>\n",
       "      <td>0.913255</td>\n",
       "      <td>1.000000</td>\n",
       "      <td>0.891677</td>\n",
       "      <td>0.850883</td>\n",
       "      <td>0.873557</td>\n",
       "      <td>0.881696</td>\n",
       "      <td>0.720035</td>\n",
       "    </tr>\n",
       "    <tr>\n",
       "      <th>Whole weight</th>\n",
       "      <td>0.920999</td>\n",
       "      <td>0.923699</td>\n",
       "      <td>0.891677</td>\n",
       "      <td>1.000000</td>\n",
       "      <td>0.969598</td>\n",
       "      <td>0.973067</td>\n",
       "      <td>0.966964</td>\n",
       "      <td>0.696327</td>\n",
       "    </tr>\n",
       "    <tr>\n",
       "      <th>Shucked weight</th>\n",
       "      <td>0.897824</td>\n",
       "      <td>0.899157</td>\n",
       "      <td>0.850883</td>\n",
       "      <td>0.969598</td>\n",
       "      <td>1.000000</td>\n",
       "      <td>0.930358</td>\n",
       "      <td>0.913023</td>\n",
       "      <td>0.620246</td>\n",
       "    </tr>\n",
       "    <tr>\n",
       "      <th>Viscera weight</th>\n",
       "      <td>0.898174</td>\n",
       "      <td>0.899749</td>\n",
       "      <td>0.873557</td>\n",
       "      <td>0.973067</td>\n",
       "      <td>0.930358</td>\n",
       "      <td>1.000000</td>\n",
       "      <td>0.937210</td>\n",
       "      <td>0.673273</td>\n",
       "    </tr>\n",
       "    <tr>\n",
       "      <th>Shell weight</th>\n",
       "      <td>0.909093</td>\n",
       "      <td>0.913838</td>\n",
       "      <td>0.881696</td>\n",
       "      <td>0.966964</td>\n",
       "      <td>0.913023</td>\n",
       "      <td>0.937210</td>\n",
       "      <td>1.000000</td>\n",
       "      <td>0.725436</td>\n",
       "    </tr>\n",
       "    <tr>\n",
       "      <th>Rings</th>\n",
       "      <td>0.685997</td>\n",
       "      <td>0.695078</td>\n",
       "      <td>0.720035</td>\n",
       "      <td>0.696327</td>\n",
       "      <td>0.620246</td>\n",
       "      <td>0.673273</td>\n",
       "      <td>0.725436</td>\n",
       "      <td>1.000000</td>\n",
       "    </tr>\n",
       "  </tbody>\n",
       "</table>\n",
       "</div>"
      ],
      "text/plain": [
       "                  Length  Diameter    Height  Whole weight  Shucked weight  \\\n",
       "Length          1.000000  0.986113  0.908525      0.920999        0.897824   \n",
       "Diameter        0.986113  1.000000  0.913255      0.923699        0.899157   \n",
       "Height          0.908525  0.913255  1.000000      0.891677        0.850883   \n",
       "Whole weight    0.920999  0.923699  0.891677      1.000000        0.969598   \n",
       "Shucked weight  0.897824  0.899157  0.850883      0.969598        1.000000   \n",
       "Viscera weight  0.898174  0.899749  0.873557      0.973067        0.930358   \n",
       "Shell weight    0.909093  0.913838  0.881696      0.966964        0.913023   \n",
       "Rings           0.685997  0.695078  0.720035      0.696327        0.620246   \n",
       "\n",
       "                Viscera weight  Shell weight     Rings  \n",
       "Length                0.898174      0.909093  0.685997  \n",
       "Diameter              0.899749      0.913838  0.695078  \n",
       "Height                0.873557      0.881696  0.720035  \n",
       "Whole weight          0.973067      0.966964  0.696327  \n",
       "Shucked weight        0.930358      0.913023  0.620246  \n",
       "Viscera weight        1.000000      0.937210  0.673273  \n",
       "Shell weight          0.937210      1.000000  0.725436  \n",
       "Rings                 0.673273      0.725436  1.000000  "
      ]
     },
     "execution_count": 4,
     "metadata": {},
     "output_type": "execute_result"
    }
   ],
   "source": [
    "# Correlation Matrix about `Sex` equal to 'I'\n",
    "df_I.corr()"
   ]
  }
 ],
 "metadata": {
  "kernelspec": {
   "display_name": "Python 3",
   "language": "python",
   "name": "python3"
  },
  "language_info": {
   "codemirror_mode": {
    "name": "ipython",
    "version": 3
   },
   "file_extension": ".py",
   "mimetype": "text/x-python",
   "name": "python",
   "nbconvert_exporter": "python",
   "pygments_lexer": "ipython3",
   "version": "3.11.3"
  },
  "orig_nbformat": 4
 },
 "nbformat": 4,
 "nbformat_minor": 2
}
